  1.0000000e+000  1.7452406e-002  9.9984770e-001  1.0173001e+000
  2.0000000e+000  3.4899497e-002  9.9939083e-001  1.0342903e+000
  3.0000000e+000  5.2335956e-002  9.9862953e-001  1.0509655e+000
  4.0000000e+000  6.9756474e-002  9.9756405e-001  1.0673205e+000
  5.0000000e+000  8.7155743e-002  9.9619470e-001  1.0833504e+000
  6.0000000e+000  1.0452846e-001  9.9452190e-001  1.0990504e+000
  7.0000000e+000  1.2186934e-001  9.9254615e-001  1.1144155e+000
  8.0000000e+000  1.3917310e-001  9.9026807e-001  1.1294412e+000
  9.0000000e+000  1.5643447e-001  9.8768834e-001  1.1441228e+000
  1.0000000e+001  1.7364818e-001  9.8480775e-001  1.1584559e+000
  1.1000000e+001  1.9080900e-001  9.8162718e-001  1.1724362e+000
  1.2000000e+001  2.0791169e-001  9.7814760e-001  1.1860593e+000
  1.3000000e+001  2.2495105e-001  9.7437006e-001  1.1993211e+000
  1.4000000e+001  2.4192190e-001  9.7029573e-001  1.2122176e+000
  1.5000000e+001  2.5881905e-001  9.6592583e-001  1.2247449e+000
  1.6000000e+001  2.7563736e-001  9.6126170e-001  1.2368991e+000
  1.7000000e+001  2.9237170e-001  9.5630476e-001  1.2486765e+000
  1.8000000e+001  3.0901699e-001  9.5105652e-001  1.2600735e+000
  1.9000000e+001  3.2556815e-001  9.4551858e-001  1.2710867e+000
  2.0000000e+001  3.4202014e-001  9.3969262e-001  1.2817128e+000
  2.1000000e+001  3.5836795e-001  9.3358043e-001  1.2919484e+000
  2.2000000e+001  3.7460659e-001  9.2718385e-001  1.3017904e+000
  2.3000000e+001  3.9073113e-001  9.2050485e-001  1.3112360e+000
  2.4000000e+001  4.0673664e-001  9.1354546e-001  1.3202821e+000
  2.5000000e+001  4.2261826e-001  9.0630779e-001  1.3289260e+000
  2.6000000e+001  4.3837115e-001  8.9879405e-001  1.3371652e+000
  2.7000000e+001  4.5399050e-001  8.9100652e-001  1.3449970e+000
  2.8000000e+001  4.6947156e-001  8.8294759e-001  1.3524192e+000
  2.9000000e+001  4.8480962e-001  8.7461971e-001  1.3594293e+000
  3.0000000e+001  5.0000000e-001  8.6602540e-001  1.3660254e+000
  3.1000000e+001  5.1503807e-001  8.5716730e-001  1.3722054e+000
  3.2000000e+001  5.2991926e-001  8.4804810e-001  1.3779674e+000
  3.3000000e+001  5.4463904e-001  8.3867057e-001  1.3833096e+000
  3.4000000e+001  5.5919290e-001  8.2903757e-001  1.3882305e+000
  3.5000000e+001  5.7357644e-001  8.1915204e-001  1.3927285e+000
  3.6000000e+001  5.8778525e-001  8.0901699e-001  1.3968022e+000
  3.7000000e+001  6.0181502e-001  7.9863551e-001  1.4004505e+000
  3.8000000e+001  6.1566148e-001  7.8801075e-001  1.4036722e+000
  3.9000000e+001  6.2932039e-001  7.7714596e-001  1.4064664e+000
  4.0000000e+001  6.4278761e-001  7.6604444e-001  1.4088321e+000
  4.1000000e+001  6.5605903e-001  7.5470958e-001  1.4107686e+000
  4.2000000e+001  6.6913061e-001  7.4314483e-001  1.4122754e+000
  4.3000000e+001  6.8199836e-001  7.3135370e-001  1.4133521e+000
  4.4000000e+001  6.9465837e-001  7.1933980e-001  1.4139982e+000
  4.5000000e+001  7.0710678e-001  7.0710678e-001  1.4142136e+000
  4.6000000e+001  7.1933980e-001  6.9465837e-001  1.4139982e+000
  4.7000000e+001  7.3135370e-001  6.8199836e-001  1.4133521e+000
  4.8000000e+001  7.4314483e-001  6.6913061e-001  1.4122754e+000
  4.9000000e+001  7.5470958e-001  6.5605903e-001  1.4107686e+000
  5.0000000e+001  7.6604444e-001  6.4278761e-001  1.4088321e+000
  5.1000000e+001  7.7714596e-001  6.2932039e-001  1.4064664e+000
  5.2000000e+001  7.8801075e-001  6.1566148e-001  1.4036722e+000
  5.3000000e+001  7.9863551e-001  6.0181502e-001  1.4004505e+000
  5.4000000e+001  8.0901699e-001  5.8778525e-001  1.3968022e+000
  5.5000000e+001  8.1915204e-001  5.7357644e-001  1.3927285e+000
  5.6000000e+001  8.2903757e-001  5.5919290e-001  1.3882305e+000
  5.7000000e+001  8.3867057e-001  5.4463904e-001  1.3833096e+000
  5.8000000e+001  8.4804810e-001  5.2991926e-001  1.3779674e+000
  5.9000000e+001  8.5716730e-001  5.1503807e-001  1.3722054e+000
  6.0000000e+001  8.6602540e-001  5.0000000e-001  1.3660254e+000
  6.1000000e+001  8.7461971e-001  4.8480962e-001  1.3594293e+000
  6.2000000e+001  8.8294759e-001  4.6947156e-001  1.3524192e+000
  6.3000000e+001  8.9100652e-001  4.5399050e-001  1.3449970e+000
  6.4000000e+001  8.9879405e-001  4.3837115e-001  1.3371652e+000
  6.5000000e+001  9.0630779e-001  4.2261826e-001  1.3289260e+000
  6.6000000e+001  9.1354546e-001  4.0673664e-001  1.3202821e+000
  6.7000000e+001  9.2050485e-001  3.9073113e-001  1.3112360e+000
  6.8000000e+001  9.2718385e-001  3.7460659e-001  1.3017904e+000
  6.9000000e+001  9.3358043e-001  3.5836795e-001  1.2919484e+000
  7.0000000e+001  9.3969262e-001  3.4202014e-001  1.2817128e+000
  7.1000000e+001  9.4551858e-001  3.2556815e-001  1.2710867e+000
  7.2000000e+001  9.5105652e-001  3.0901699e-001  1.2600735e+000
  7.3000000e+001  9.5630476e-001  2.9237170e-001  1.2486765e+000
  7.4000000e+001  9.6126170e-001  2.7563736e-001  1.2368991e+000
  7.5000000e+001  9.6592583e-001  2.5881905e-001  1.2247449e+000
  7.6000000e+001  9.7029573e-001  2.4192190e-001  1.2122176e+000
  7.7000000e+001  9.7437006e-001  2.2495105e-001  1.1993211e+000
  7.8000000e+001  9.7814760e-001  2.0791169e-001  1.1860593e+000
  7.9000000e+001  9.8162718e-001  1.9080900e-001  1.1724362e+000
  8.0000000e+001  9.8480775e-001  1.7364818e-001  1.1584559e+000
  8.1000000e+001  9.8768834e-001  1.5643447e-001  1.1441228e+000
  8.2000000e+001  9.9026807e-001  1.3917310e-001  1.1294412e+000
  8.3000000e+001  9.9254615e-001  1.2186934e-001  1.1144155e+000
  8.4000000e+001  9.9452190e-001  1.0452846e-001  1.0990504e+000
  8.5000000e+001  9.9619470e-001  8.7155743e-002  1.0833504e+000
  8.6000000e+001  9.9756405e-001  6.9756474e-002  1.0673205e+000
  8.7000000e+001  9.9862953e-001  5.2335956e-002  1.0509655e+000
  8.8000000e+001  9.9939083e-001  3.4899497e-002  1.0342903e+000
  8.9000000e+001  9.9984770e-001  1.7452406e-002  1.0173001e+000
  9.0000000e+001  1.0000000e+000 -0.0000000e+000  1.0000000e+000
  9.1000000e+001  9.9984770e-001 -1.7452406e-002  9.8239529e-001
  9.2000000e+001  9.9939083e-001 -3.4899497e-002  9.6449133e-001
  9.3000000e+001  9.9862953e-001 -5.2335956e-002  9.4629358e-001
  9.4000000e+001  9.9756405e-001 -6.9756474e-002  9.2780758e-001
  9.5000000e+001  9.9619470e-001 -8.7155743e-002  9.0903896e-001
  9.6000000e+001  9.9452190e-001 -1.0452846e-001  8.8999343e-001
  9.7000000e+001  9.9254615e-001 -1.2186934e-001  8.7067681e-001
  9.8000000e+001  9.9026807e-001 -1.3917310e-001  8.5109497e-001
  9.9000000e+001  9.8768834e-001 -1.5643447e-001  8.3125388e-001
  1.0000000e+002  9.8480775e-001 -1.7364818e-001  8.1115958e-001
